1 1 1 2
2 1 1 3
3 1 4 5
4 1 4 6
5 1 7 8
6 1 7 9
7 1 10 11
8 1 10 12
9 1 13 14
10 1 13 15
11 1 16 17
12 1 16 18
13 1 19 20
14 1 19 21
15 1 22 23
16 1 22 24
17 1 25 26
18 1 25 27
19 1 28 29
20 1 28 30
21 1 31 32
22 1 31 33
23 1 34 35
24 1 34 36
25 1 37 38
26 1 37 39
27 1 40 41
28 1 40 42
29 1 43 44
30 1 43 45
31 1 46 47
32 1 46 48
33 1 49 50
34 1 49 51
35 1 52 53
36 1 52 54
37 1 55 56
38 1 55 57
39 1 58 59
40 1 58 60
41 1 61 62
42 1 61 63
43 1 64 65
44 1 64 66
45 1 67 68
46 1 67 69
47 1 70 71
48 1 70 72
49 1 73 74
50 1 73 75
51 1 76 77
52 1 76 78
53 1 79 80
54 1 79 81
55 1 82 83
56 1 82 84
57 1 85 86
58 1 85 87
59 1 88 89
60 1 88 90
61 1 91 92
62 1 91 93
63 1 94 95
64 1 94 96
65 1 97 98
66 1 97 99
67 1 100 101
68 1 100 102
69 1 103 104
70 1 103 105
71 1 106 107
72 1 106 108
73 1 109 110
74 1 109 111
75 1 112 113
76 1 112 114
77 1 115 116
78 1 115 117
79 1 118 119
80 1 118 120
81 1 121 122
82 1 121 123
83 1 124 125
84 1 124 126
85 1 127 128
86 1 127 129
87 1 130 131
88 1 130 132
89 1 133 134
90 1 133 135
91 1 136 137
92 1 136 138
93 1 139 140
94 1 139 141
95 1 142 143
96 1 142 144
97 1 145 146
98 1 145 147
99 1 148 149
100 1 148 150
101 1 151 152
102 1 151 153
103 1 154 155
104 1 154 156
105 1 157 158
106 1 157 159
107 1 160 161
108 1 160 162
109 1 163 164
110 1 163 165
111 1 166 167
112 1 166 168
113 1 169 170
114 1 169 171
115 1 172 173
116 1 172 174
117 1 175 176
118 1 175 177
119 1 178 179
120 1 178 180
121 1 181 182
122 1 181 183
123 1 184 185
124 1 184 186
125 1 187 188
126 1 187 189
127 1 190 191
128 1 190 192
129 1 193 194
130 1 193 195
131 1 196 197
132 1 196 198
133 1 199 200
134 1 199 201
135 1 202 203
136 1 202 204
137 1 205 206
138 1 205 207
139 1 208 209
140 1 208 210
141 1 211 212
142 1 211 213
143 1 214 215
144 1 214 216
145 1 217 218
146 1 217 219
147 1 220 221
148 1 220 222
149 1 223 224
150 1 223 225
151 1 226 227
152 1 226 228
153 1 229 230
154 1 229 231
155 1 232 233
156 1 232 234
157 1 235 236
158 1 235 237
159 1 238 239
160 1 238 240
161 1 241 242
162 1 241 243
163 1 244 245
164 1 244 246
165 1 247 248
166 1 247 249
167 1 250 251
168 1 250 252
169 1 253 254
170 1 253 255
171 1 256 257
172 1 256 258
173 1 259 260
174 1 259 261
175 1 262 263
176 1 262 264
177 1 265 266
178 1 265 267
179 1 268 269
180 1 268 270
181 1 271 272
182 1 271 273
183 1 274 275
184 1 274 276
185 1 277 278
186 1 277 279
187 1 280 281
188 1 280 282
189 1 283 284
190 1 283 285
191 1 286 287
192 1 286 288
193 1 289 290
194 1 289 291
195 1 292 293
196 1 292 294
197 1 295 296
198 1 295 297
199 1 298 299
200 1 298 300
201 1 301 302
202 1 301 303
203 1 304 305
204 1 304 306
205 1 307 308
206 1 307 309
207 1 310 311
208 1 310 312
209 1 313 314
210 1 313 315
211 1 316 317
212 1 316 318
213 1 319 320
214 1 319 321
215 1 322 323
216 1 322 324
217 1 325 326
218 1 325 327
219 1 328 329
220 1 328 330
221 1 331 332
222 1 331 333
223 1 334 335
224 1 334 336
225 1 337 338
226 1 337 339
227 1 340 341
228 1 340 342
229 1 343 344
230 1 343 345
231 1 346 347
232 1 346 348
233 1 349 350
234 1 349 351
235 1 352 353
236 1 352 354
237 1 355 356
238 1 355 357
239 1 358 359
240 1 358 360
241 1 361 362
242 1 361 363
243 1 364 365
244 1 364 366
245 1 367 368
246 1 367 369
247 1 370 371
248 1 370 372
249 1 373 374
250 1 373 375
251 1 376 377
252 1 376 378
253 1 379 380
254 1 379 381
255 1 382 383
256 1 382 384
257 1 385 386
258 1 385 387
259 1 388 389
260 1 388 390
261 1 391 392
262 1 391 393
263 1 394 395
264 1 394 396
265 1 397 398
266 1 397 399
267 1 400 401
268 1 400 402
269 1 403 404
270 1 403 405
271 1 406 407
272 1 406 408
273 1 409 410
274 1 409 411
275 1 412 413
276 1 412 414
277 1 415 416
278 1 415 417
279 1 418 419
280 1 418 420
281 1 421 422
282 1 421 423
283 1 424 425
284 1 424 426
285 1 427 428
286 1 427 429
287 1 430 431
288 1 430 432
289 1 433 434
290 1 433 435
291 1 436 437
292 1 436 438
293 1 439 440
294 1 439 441
295 1 442 443
296 1 442 444
297 1 445 446
298 1 445 447
299 1 448 449
300 1 448 450
301 1 451 452
302 1 451 453
303 1 454 455
304 1 454 456
305 1 457 458
306 1 457 459
307 1 460 461
308 1 460 462
309 1 463 464
310 1 463 465
311 1 466 467
312 1 466 468
313 1 469 470
314 1 469 471
315 1 472 473
316 1 472 474
317 1 475 476
318 1 475 477
319 1 478 479
320 1 478 480
321 1 481 482
322 1 481 483
323 1 484 485
324 1 484 486
325 1 487 488
326 1 487 489
327 1 490 491
328 1 490 492
329 1 493 494
330 1 493 495
331 1 496 497
332 1 496 498
333 1 499 500
334 1 499 501
335 1 502 503
336 1 502 504
337 1 505 506
338 1 505 507
339 1 508 509
340 1 508 510
341 1 511 512
342 1 511 513
343 1 514 515
344 1 514 516
345 1 517 518
346 1 517 519
347 1 520 521
348 1 520 522
349 1 523 524
350 1 523 525
351 1 526 527
352 1 526 528
353 1 529 530
354 1 529 531
355 1 532 533
356 1 532 534
357 1 535 536
358 1 535 537
359 1 538 539
360 1 538 540
361 1 541 542
362 1 541 543
363 1 544 545
364 1 544 546
365 1 547 548
366 1 547 549
367 1 550 551
368 1 550 552
369 1 553 554
370 1 553 555
371 1 556 557
372 1 556 558
373 1 559 560
374 1 559 561
375 1 562 563
376 1 562 564
377 1 565 566
378 1 565 567
379 1 568 569
380 1 568 570
381 1 571 572
382 1 571 573
383 1 574 575
384 1 574 576
385 1 577 578
386 1 577 579
387 1 580 581
388 1 580 582
389 1 583 584
390 1 583 585
391 1 586 587
392 1 586 588
393 1 589 590
394 1 589 591
395 1 592 593
396 1 592 594
397 1 595 596
398 1 595 597
399 1 598 599
400 1 598 600
401 1 601 602
402 1 601 603
403 1 604 605
404 1 604 606
405 1 607 608
406 1 607 609
407 1 610 611
408 1 610 612
409 1 613 614
410 1 613 615
411 1 616 617
412 1 616 618
413 1 619 620
414 1 619 621
415 1 622 623
416 1 622 624
417 1 625 626
418 1 625 627
419 1 628 629
420 1 628 630
421 1 631 632
422 1 631 633
423 1 634 635
424 1 634 636
425 1 637 638
426 1 637 639
427 1 640 641
428 1 640 642
429 1 643 644
430 1 643 645
431 1 646 647
432 1 646 648
433 1 649 650
434 1 649 651
435 1 652 653
436 1 652 654
437 1 655 656
438 1 655 657
439 1 658 659
440 1 658 660
441 1 661 662
442 1 661 663
443 1 664 665
444 1 664 666
445 1 667 668
446 1 667 669
447 1 670 671
448 1 670 672
449 1 673 674
450 1 673 675
451 1 676 677
452 1 676 678
453 1 679 680
454 1 679 681
455 1 682 683
456 1 682 684
457 1 685 686
458 1 685 687
459 1 688 689
460 1 688 690
461 1 691 692
462 1 691 693
463 1 694 695
464 1 694 696
465 1 697 698
466 1 697 699
467 1 700 701
468 1 700 702
469 1 703 704
470 1 703 705
471 1 706 707
472 1 706 708
473 1 709 710
474 1 709 711
475 1 712 713
476 1 712 714
477 1 715 716
478 1 715 717
479 1 718 719
480 1 718 720
481 1 721 722
482 1 721 723
483 1 724 725
484 1 724 726
485 1 727 728
486 1 727 729
487 1 730 731
488 1 730 732
489 1 733 734
490 1 733 735
491 1 736 737
492 1 736 738
493 1 739 740
494 1 739 741
495 1 742 743
496 1 742 744
497 1 745 746
498 1 745 747
499 1 748 749
500 1 748 750
501 1 751 752
502 1 751 753
503 1 754 755
504 1 754 756
505 1 757 758
506 1 757 759
507 1 760 761
508 1 760 762
509 1 763 764
510 1 763 765
511 1 766 767
512 1 766 768
513 1 769 770
514 1 769 771
515 1 772 773
516 1 772 774
517 1 775 776
518 1 775 777
519 1 778 779
520 1 778 780
521 1 781 782
522 1 781 783
523 1 784 785
524 1 784 786
525 1 787 788
526 1 787 789
527 1 790 791
528 1 790 792
529 1 793 794
530 1 793 795
531 1 796 797
532 1 796 798
533 1 799 800
534 1 799 801
535 1 802 803
536 1 802 804
537 1 805 806
538 1 805 807
539 1 808 809
540 1 808 810
541 1 811 812
542 1 811 813
543 1 814 815
544 1 814 816
545 1 817 818
546 1 817 819
547 1 820 821
548 1 820 822
549 1 823 824
550 1 823 825
551 1 826 827
552 1 826 828
553 1 829 830
554 1 829 831
555 1 832 833
556 1 832 834
557 1 835 836
558 1 835 837
559 1 838 839
560 1 838 840
561 1 841 842
562 1 841 843
563 1 844 845
564 1 844 846
565 1 847 848
566 1 847 849
567 1 850 851
568 1 850 852
569 1 853 854
570 1 853 855
571 1 856 857
572 1 856 858
573 1 859 860
574 1 859 861
575 1 862 863
576 1 862 864
577 1 865 866
578 1 865 867
579 1 868 869
580 1 868 870
581 1 871 872
582 1 871 873
583 1 874 875
584 1 874 876
585 1 877 878
586 1 877 879
587 1 880 881
588 1 880 882
589 1 883 884
590 1 883 885
591 1 886 887
592 1 886 888
593 1 889 890
594 1 889 891
595 1 892 893
596 1 892 894
597 1 895 896
598 1 895 897
599 1 898 899
600 1 898 900
601 1 901 902
602 1 901 903
603 1 904 905
604 1 904 906
605 1 907 908
606 1 907 909
607 1 910 911
608 1 910 912
609 1 913 914
610 1 913 915
611 1 916 917
612 1 916 918
613 1 919 920
614 1 919 921
615 1 922 923
616 1 922 924
617 1 925 926
618 1 925 927
619 1 928 929
620 1 928 930
621 1 931 932
622 1 931 933
623 1 934 935
624 1 934 936
625 1 937 938
626 1 937 939
627 1 940 941
628 1 940 942
629 1 943 944
630 1 943 945
631 1 946 947
632 1 946 948
633 1 949 950
634 1 949 951
635 1 952 953
636 1 952 954
637 1 955 956
638 1 955 957
639 1 958 959
640 1 958 960
641 1 961 962
642 1 961 963
643 1 964 965
644 1 964 966
645 1 967 968
646 1 967 969
647 1 970 971
648 1 970 972
649 1 973 974
650 1 973 975
651 1 976 977
652 1 976 978
653 1 979 980
654 1 979 981
655 1 982 983
656 1 982 984
657 1 985 986
658 1 985 987
659 1 988 989
660 1 988 990
661 1 991 992
662 1 991 993
663 1 994 995
664 1 994 996
665 1 997 998
666 1 997 999
667 1 1000 1001
668 1 1000 1002
669 1 1003 1004
670 1 1003 1005
671 1 1006 1007
672 1 1006 1008
673 1 1009 1010
674 1 1009 1011
675 1 1012 1013
676 1 1012 1014
677 1 1015 1016
678 1 1015 1017
679 1 1018 1019
680 1 1018 1020
681 1 1021 1022
682 1 1021 1023
683 1 1024 1025
684 1 1024 1026
685 1 1027 1028
686 1 1027 1029
687 1 1030 1031
688 1 1030 1032
689 1 1033 1034
690 1 1033 1035
691 1 1036 1037
692 1 1036 1038
693 1 1039 1040
694 1 1039 1041
695 1 1042 1043
696 1 1042 1044
697 1 1045 1046
698 1 1045 1047
699 1 1048 1049
700 1 1048 1050
701 1 1051 1052
702 1 1051 1053
703 1 1054 1055
704 1 1054 1056
705 1 1057 1058
706 1 1057 1059
707 1 1060 1061
708 1 1060 1062
709 1 1063 1064
710 1 1063 1065
711 1 1066 1067
712 1 1066 1068
713 1 1069 1070
714 1 1069 1071
715 1 1072 1073
716 1 1072 1074
717 1 1075 1076
718 1 1075 1077
719 1 1078 1079
720 1 1078 1080
721 1 1081 1082
722 1 1081 1083
723 1 1084 1085
724 1 1084 1086
725 1 1087 1088
726 1 1087 1089
727 1 1090 1091
728 1 1090 1092
729 1 1093 1094
730 1 1093 1095
731 1 1096 1097
732 1 1096 1098
733 1 1099 1100
734 1 1099 1101
735 1 1102 1103
736 1 1102 1104
737 1 1105 1106
738 1 1105 1107
739 1 1108 1109
740 1 1108 1110
741 1 1111 1112
742 1 1111 1113
743 1 1114 1115
744 1 1114 1116
745 1 1117 1118
746 1 1117 1119
747 1 1120 1121
748 1 1120 1122
749 1 1123 1124
750 1 1123 1125
751 1 1126 1127
752 1 1126 1128
753 1 1129 1130
754 1 1129 1131
755 1 1132 1133
756 1 1132 1134
757 1 1135 1136
758 1 1135 1137
759 1 1138 1139
760 1 1138 1140
761 1 1141 1142
762 1 1141 1143
763 1 1144 1145
764 1 1144 1146
765 1 1147 1148
766 1 1147 1149
767 1 1150 1151
768 1 1150 1152
769 1 1153 1154
770 1 1153 1155
771 1 1156 1157
772 1 1156 1158
773 1 1159 1160
774 1 1159 1161
775 1 1162 1163
776 1 1162 1164
777 1 1165 1166
778 1 1165 1167
779 1 1168 1169
780 1 1168 1170
781 1 1171 1172
782 1 1171 1173
783 1 1174 1175
784 1 1174 1176
785 1 1177 1178
786 1 1177 1179
787 1 1180 1181
788 1 1180 1182
789 1 1183 1184
790 1 1183 1185
791 1 1186 1187
792 1 1186 1188
793 1 1189 1190
794 1 1189 1191
795 1 1192 1193
796 1 1192 1194
797 1 1195 1196
798 1 1195 1197
799 1 1198 1199
800 1 1198 1200
801 1 1201 1202
802 1 1201 1203
803 1 1204 1205
804 1 1204 1206
805 1 1207 1208
806 1 1207 1209
807 1 1210 1211
808 1 1210 1212
809 1 1213 1214
810 1 1213 1215
811 1 1216 1217
812 1 1216 1218
813 1 1219 1220
814 1 1219 1221
815 1 1222 1223
816 1 1222 1224
817 1 1225 1226
818 1 1225 1227
819 1 1228 1229
820 1 1228 1230
821 1 1231 1232
822 1 1231 1233
823 1 1234 1235
824 1 1234 1236
825 1 1237 1238
826 1 1237 1239
827 1 1240 1241
828 1 1240 1242
829 1 1243 1244
830 1 1243 1245
831 1 1246 1247
832 1 1246 1248
833 1 1249 1250
834 1 1249 1251
835 1 1252 1253
836 1 1252 1254
837 1 1255 1256
838 1 1255 1257
839 1 1258 1259
840 1 1258 1260
841 1 1261 1262
842 1 1261 1263
843 1 1264 1265
844 1 1264 1266
845 1 1267 1268
846 1 1267 1269
847 1 1270 1271
848 1 1270 1272
849 1 1273 1274
850 1 1273 1275
851 1 1276 1277
852 1 1276 1278
853 1 1279 1280
854 1 1279 1281
855 1 1282 1283
856 1 1282 1284
857 1 1285 1286
858 1 1285 1287
859 1 1288 1289
860 1 1288 1290
861 1 1291 1292
862 1 1291 1293
863 1 1294 1295
864 1 1294 1296
865 1 1297 1298
866 1 1297 1299
867 1 1300 1301
868 1 1300 1302
869 1 1303 1304
870 1 1303 1305
871 1 1306 1307
872 1 1306 1308
873 1 1309 1310
874 1 1309 1311
875 1 1312 1313
876 1 1312 1314
877 1 1315 1316
878 1 1315 1317
879 1 1318 1319
880 1 1318 1320
881 1 1321 1322
882 1 1321 1323
883 1 1324 1325
884 1 1324 1326
885 1 1327 1328
886 1 1327 1329
887 1 1330 1331
888 1 1330 1332
889 1 1333 1334
890 1 1333 1335
891 1 1336 1337
892 1 1336 1338
893 1 1339 1340
894 1 1339 1341
895 1 1342 1343
896 1 1342 1344
897 1 1345 1346
898 1 1345 1347
899 1 1348 1349
900 1 1348 1350
901 1 1351 1352
902 1 1351 1353
903 1 1354 1355
904 1 1354 1356
905 1 1357 1358
906 1 1357 1359
907 1 1360 1361
908 1 1360 1362
909 1 1363 1364
910 1 1363 1365
911 1 1366 1367
912 1 1366 1368
913 1 1369 1370
914 1 1369 1371
915 1 1372 1373
916 1 1372 1374
917 1 1375 1376
918 1 1375 1377
919 1 1378 1379
920 1 1378 1380
921 1 1381 1382
922 1 1381 1383
923 1 1384 1385
924 1 1384 1386
925 1 1387 1388
926 1 1387 1389
927 1 1390 1391
928 1 1390 1392
929 1 1393 1394
930 1 1393 1395
931 1 1396 1397
932 1 1396 1398
933 1 1399 1400
934 1 1399 1401
935 1 1402 1403
936 1 1402 1404
937 1 1405 1406
938 1 1405 1407
939 1 1408 1409
940 1 1408 1410
941 1 1411 1412
942 1 1411 1413
943 1 1414 1415
944 1 1414 1416
945 1 1417 1418
946 1 1417 1419
947 1 1420 1421
948 1 1420 1422
949 1 1423 1424
950 1 1423 1425
951 1 1426 1427
952 1 1426 1428
953 1 1429 1430
954 1 1429 1431
955 1 1432 1433
956 1 1432 1434
957 1 1435 1436
958 1 1435 1437
959 1 1438 1439
960 1 1438 1440
961 1 1441 1442
962 1 1441 1443
963 1 1444 1445
964 1 1444 1446
965 1 1447 1448
966 1 1447 1449
967 1 1450 1451
968 1 1450 1452
969 1 1453 1454
970 1 1453 1455
971 1 1456 1457
972 1 1456 1458
973 1 1459 1460
974 1 1459 1461
975 1 1462 1463
976 1 1462 1464
977 1 1465 1466
978 1 1465 1467
979 1 1468 1469
980 1 1468 1470
981 1 1471 1472
982 1 1471 1473
983 1 1474 1475
984 1 1474 1476
985 1 1477 1478
986 1 1477 1479
987 1 1480 1481
988 1 1480 1482
989 1 1483 1484
990 1 1483 1485
991 1 1486 1487
992 1 1486 1488
993 1 1489 1490
994 1 1489 1491
995 1 1492 1493
996 1 1492 1494
997 1 1495 1496
998 1 1495 1497
999 1 1498 1499
1000 1 1498 1500
1001 1 1501 1502
1002 1 1501 1503
1003 1 1504 1505
1004 1 1504 1506
1005 1 1507 1508
1006 1 1507 1509
1007 1 1510 1511
1008 1 1510 1512
1009 1 1513 1514
1010 1 1513 1515
1011 1 1516 1517
1012 1 1516 1518
1013 1 1519 1520
1014 1 1519 1521
1015 1 1522 1523
1016 1 1522 1524
1017 1 1525 1526
1018 1 1525 1527
1019 1 1528 1529
1020 1 1528 1530
1021 1 1531 1532
1022 1 1531 1533
1023 1 1534 1535
1024 1 1534 1536
1025 1 1537 1538
1026 1 1537 1539
1027 1 1540 1541
1028 1 1540 1542
1029 1 1543 1544
1030 1 1543 1545
1031 1 1546 1547
1032 1 1546 1548
1033 1 1549 1550
1034 1 1549 1551
1035 1 1552 1553
1036 1 1552 1554
1037 1 1555 1556
1038 1 1555 1557
1039 1 1558 1559
1040 1 1558 1560
1041 1 1561 1562
1042 1 1561 1563
1043 1 1564 1565
1044 1 1564 1566
1045 1 1567 1568
1046 1 1567 1569
1047 1 1570 1571
1048 1 1570 1572
1049 1 1573 1574
1050 1 1573 1575
1051 1 1576 1577
1052 1 1576 1578
1053 1 1579 1580
1054 1 1579 1581
1055 1 1582 1583
1056 1 1582 1584
1057 1 1585 1586
1058 1 1585 1587
1059 1 1588 1589
1060 1 1588 1590
1061 1 1591 1592
1062 1 1591 1593
1063 1 1594 1595
1064 1 1594 1596
1065 1 1597 1598
1066 1 1597 1599
1067 1 1600 1601
1068 1 1600 1602
1069 1 1603 1604
1070 1 1603 1605
1071 1 1606 1607
1072 1 1606 1608
1073 1 1609 1610
1074 1 1609 1611
1075 1 1612 1613
1076 1 1612 1614
1077 1 1615 1616
1078 1 1615 1617
1079 1 1618 1619
1080 1 1618 1620
1081 1 1621 1622
1082 1 1621 1623
1083 1 1624 1625
1084 1 1624 1626
1085 1 1627 1628
1086 1 1627 1629
1087 1 1630 1631
1088 1 1630 1632
1089 1 1633 1634
1090 1 1633 1635
1091 1 1636 1637
1092 1 1636 1638
1093 1 1639 1640
1094 1 1639 1641
1095 1 1642 1643
1096 1 1642 1644
1097 1 1645 1646
1098 1 1645 1647
1099 1 1648 1649
1100 1 1648 1650
1101 1 1651 1652
1102 1 1651 1653
1103 1 1654 1655
1104 1 1654 1656
1105 1 1657 1658
1106 1 1657 1659
1107 1 1660 1661
1108 1 1660 1662
1109 1 1663 1664
1110 1 1663 1665
1111 1 1666 1667
1112 1 1666 1668
1113 1 1669 1670
1114 1 1669 1671
1115 1 1672 1673
1116 1 1672 1674
1117 1 1675 1676
1118 1 1675 1677
1119 1 1678 1679
1120 1 1678 1680
1121 1 1681 1682
1122 1 1681 1683
1123 1 1684 1685
1124 1 1684 1686
1125 1 1687 1688
1126 1 1687 1689
1127 1 1690 1691
1128 1 1690 1692
1129 1 1693 1694
1130 1 1693 1695
1131 1 1696 1697
1132 1 1696 1698
1133 1 1699 1700
1134 1 1699 1701
1135 1 1702 1703
1136 1 1702 1704
1137 1 1705 1706
1138 1 1705 1707
1139 1 1708 1709
1140 1 1708 1710
1141 1 1711 1712
1142 1 1711 1713
1143 1 1714 1715
1144 1 1714 1716
1145 1 1717 1718
1146 1 1717 1719
1147 1 1720 1721
1148 1 1720 1722
1149 1 1723 1724
1150 1 1723 1725
1151 1 1726 1727
1152 1 1726 1728
1153 1 1729 1730
1154 1 1729 1731
1155 1 1732 1733
1156 1 1732 1734
1157 1 1735 1736
1158 1 1735 1737
1159 1 1738 1739
1160 1 1738 1740
1161 1 1741 1742
1162 1 1741 1743
1163 1 1744 1745
1164 1 1744 1746
1165 1 1747 1748
1166 1 1747 1749
1167 1 1750 1751
1168 1 1750 1752
1169 1 1753 1754
1170 1 1753 1755
1171 1 1756 1757
1172 1 1756 1758
1173 1 1759 1760
1174 1 1759 1761
1175 1 1762 1763
1176 1 1762 1764
1177 1 1765 1766
1178 1 1765 1767
1179 1 1768 1769
1180 1 1768 1770
1181 1 1771 1772
1182 1 1771 1773
1183 1 1774 1775
1184 1 1774 1776
1185 1 1777 1778
1186 1 1777 1779
1187 1 1780 1781
1188 1 1780 1782
1189 1 1783 1784
1190 1 1783 1785
1191 1 1786 1787
1192 1 1786 1788
1193 1 1789 1790
1194 1 1789 1791
1195 1 1792 1793
1196 1 1792 1794
1197 1 1795 1796
1198 1 1795 1797
1199 1 1798 1799
1200 1 1798 1800
1201 1 1801 1802
1202 1 1801 1803
1203 1 1804 1805
1204 1 1804 1806
1205 1 1807 1808
1206 1 1807 1809
1207 1 1810 1811
1208 1 1810 1812
1209 1 1813 1814
1210 1 1813 1815
1211 1 1816 1817
1212 1 1816 1818
1213 1 1819 1820
1214 1 1819 1821
1215 1 1822 1823
1216 1 1822 1824
1217 1 1825 1826
1218 1 1825 1827
1219 1 1828 1829
1220 1 1828 1830
1221 1 1831 1832
1222 1 1831 1833
1223 1 1834 1835
1224 1 1834 1836
1225 1 1837 1838
1226 1 1837 1839
1227 1 1840 1841
1228 1 1840 1842
1229 1 1843 1844
1230 1 1843 1845
1231 1 1846 1847
1232 1 1846 1848
1233 1 1849 1850
1234 1 1849 1851
1235 1 1852 1853
1236 1 1852 1854
1237 1 1855 1856
1238 1 1855 1857
1239 1 1858 1859
1240 1 1858 1860
1241 1 1861 1862
1242 1 1861 1863
1243 1 1864 1865
1244 1 1864 1866
1245 1 1867 1868
1246 1 1867 1869
1247 1 1870 1871
1248 1 1870 1872
1249 1 1873 1874
1250 1 1873 1875
1251 1 1876 1877
1252 1 1876 1878
1253 1 1879 1880
1254 1 1879 1881
1255 1 1882 1883
1256 1 1882 1884
1257 1 1885 1886
1258 1 1885 1887
1259 1 1888 1889
1260 1 1888 1890
1261 1 1891 1892
1262 1 1891 1893
1263 1 1894 1895
1264 1 1894 1896
1265 1 1897 1898
1266 1 1897 1899
1267 1 1900 1901
1268 1 1900 1902
1269 1 1903 1904
1270 1 1903 1905
1271 1 1906 1907
1272 1 1906 1908
1273 1 1909 1910
1274 1 1909 1911
1275 1 1912 1913
1276 1 1912 1914
1277 1 1915 1916
1278 1 1915 1917
1279 1 1918 1919
1280 1 1918 1920
1281 1 1921 1922
1282 1 1921 1923
1283 1 1924 1925
1284 1 1924 1926
1285 1 1927 1928
1286 1 1927 1929
1287 1 1930 1931
1288 1 1930 1932
1289 1 1933 1934
1290 1 1933 1935
1291 1 1936 1937
1292 1 1936 1938
1293 1 1939 1940
1294 1 1939 1941
1295 1 1942 1943
1296 1 1942 1944
1297 1 1945 1946
1298 1 1945 1947
1299 1 1948 1949
1300 1 1948 1950
1301 1 1951 1952
1302 1 1951 1953
1303 1 1954 1955
1304 1 1954 1956
1305 1 1957 1958
1306 1 1957 1959
1307 1 1960 1961
1308 1 1960 1962
1309 1 1963 1964
1310 1 1963 1965
1311 1 1966 1967
1312 1 1966 1968
1313 1 1969 1970
1314 1 1969 1971
1315 1 1972 1973
1316 1 1972 1974
1317 1 1975 1976
1318 1 1975 1977
1319 1 1978 1979
1320 1 1978 1980
1321 1 1981 1982
1322 1 1981 1983
1323 1 1984 1985
1324 1 1984 1986
1325 1 1987 1988
1326 1 1987 1989
1327 1 1990 1991
1328 1 1990 1992
1329 1 1993 1994
1330 1 1993 1995
1331 1 1996 1997
1332 1 1996 1998
1333 1 1999 2000
1334 1 1999 2001
1335 1 2002 2003
1336 1 2002 2004
1337 1 2005 2006
1338 1 2005 2007
1339 1 2008 2009
1340 1 2008 2010
1341 1 2011 2012
1342 1 2011 2013
1343 1 2014 2015
1344 1 2014 2016
1345 1 2017 2018
1346 1 2017 2019
1347 1 2020 2021
1348 1 2020 2022
1349 1 2023 2024
1350 1 2023 2025
1351 1 2026 2027
1352 1 2026 2028
1353 1 2029 2030
1354 1 2029 2031
1355 1 2032 2033
1356 1 2032 2034
1357 1 2035 2036
1358 1 2035 2037
1359 1 2038 2039
1360 1 2038 2040
1361 1 2041 2042
1362 1 2041 2043
1363 1 2044 2045
1364 1 2044 2046
1365 1 2047 2048
1366 1 2047 2049
1367 1 2050 2051
1368 1 2050 2052
1369 1 2053 2054
1370 1 2053 2055
1371 1 2056 2057
1372 1 2056 2058
1373 1 2059 2060
1374 1 2059 2061
1375 1 2062 2063
1376 1 2062 2064
1377 1 2065 2066
1378 1 2065 2067
1379 1 2068 2069
1380 1 2068 2070
1381 1 2071 2072
1382 1 2071 2073
1383 1 2074 2075
1384 1 2074 2076
1385 1 2077 2078
1386 1 2077 2079
1387 1 2080 2081
1388 1 2080 2082
1389 1 2083 2084
1390 1 2083 2085
1391 1 2086 2087
1392 1 2086 2088
1393 1 2089 2090
1394 1 2089 2091
1395 1 2092 2093
1396 1 2092 2094
1397 1 2095 2096
1398 1 2095 2097
1399 1 2098 2099
1400 1 2098 2100
1401 1 2101 2102
1402 1 2101 2103
1403 1 2104 2105
1404 1 2104 2106
1405 1 2107 2108
1406 1 2107 2109
1407 1 2110 2111
1408 1 2110 2112
1409 1 2113 2114
1410 1 2113 2115
1411 1 2116 2117
1412 1 2116 2118
1413 1 2119 2120
1414 1 2119 2121
1415 1 2122 2123
1416 1 2122 2124
1417 1 2125 2126
1418 1 2125 2127
1419 1 2128 2129
1420 1 2128 2130
1421 1 2131 2132
1422 1 2131 2133
1423 1 2134 2135
1424 1 2134 2136
1425 1 2137 2138
1426 1 2137 2139
1427 1 2140 2141
1428 1 2140 2142
1429 1 2143 2144
1430 1 2143 2145
1431 1 2146 2147
1432 1 2146 2148
1433 1 2149 2150
1434 1 2149 2151
1435 1 2152 2153
1436 1 2152 2154
1437 1 2155 2156
1438 1 2155 2157
1439 1 2158 2159
1440 1 2158 2160
1441 1 2161 2162
1442 1 2161 2163
1443 1 2164 2165
1444 1 2164 2166
1445 1 2167 2168
1446 1 2167 2169
1447 1 2170 2171
1448 1 2170 2172
1449 1 2173 2174
1450 1 2173 2175
1451 1 2176 2177
1452 1 2176 2178
1453 1 2179 2180
1454 1 2179 2181
1455 1 2182 2183
1456 1 2182 2184
1457 1 2185 2186
1458 1 2185 2187
1459 1 2188 2189
1460 1 2188 2190
1461 1 2191 2192
1462 1 2191 2193
1463 1 2194 2195
1464 1 2194 2196
1465 1 2197 2198
1466 1 2197 2199
1467 1 2200 2201
1468 1 2200 2202
1469 1 2203 2204
1470 1 2203 2205
1471 1 2206 2207
1472 1 2206 2208
1473 1 2209 2210
1474 1 2209 2211
1475 1 2212 2213
1476 1 2212 2214
1477 1 2215 2216
1478 1 2215 2217
1479 1 2218 2219
1480 1 2218 2220
1481 1 2221 2222
1482 1 2221 2223
1483 1 2224 2225
1484 1 2224 2226
1485 1 2227 2228
1486 1 2227 2229
1487 1 2230 2231
1488 1 2230 2232
1489 1 2233 2234
1490 1 2233 2235
1491 1 2236 2237
1492 1 2236 2238
1493 1 2239 2240
1494 1 2239 2241
1495 1 2242 2243
1496 1 2242 2244
1497 1 2245 2246
1498 1 2245 2247
1499 1 2248 2249
1500 1 2248 2250
1501 1 2251 2252
1502 1 2251 2253
1503 1 2254 2255
1504 1 2254 2256
1505 1 2257 2258
1506 1 2257 2259
1507 1 2260 2261
1508 1 2260 2262
1509 1 2263 2264
1510 1 2263 2265
1511 1 2266 2267
1512 1 2266 2268
1513 1 2269 2270
1514 1 2269 2271
1515 1 2272 2273
1516 1 2272 2274
1517 1 2275 2276
1518 1 2275 2277
1519 1 2278 2279
1520 1 2278 2280
1521 1 2281 2282
1522 1 2281 2283
1523 1 2284 2285
1524 1 2284 2286
1525 1 2287 2288
1526 1 2287 2289
1527 1 2290 2291
1528 1 2290 2292
1529 1 2293 2294
1530 1 2293 2295
1531 1 2296 2297
1532 1 2296 2298
1533 1 2299 2300
1534 1 2299 2301
1535 1 2302 2303
1536 1 2302 2304
1537 1 2305 2306
1538 1 2305 2307
1539 1 2308 2309
1540 1 2308 2310
1541 1 2311 2312
1542 1 2311 2313
1543 1 2314 2315
1544 1 2314 2316
1545 1 2317 2318
1546 1 2317 2319
1547 1 2320 2321
1548 1 2320 2322
1549 1 2323 2324
1550 1 2323 2325
1551 1 2326 2327
1552 1 2326 2328
1553 1 2329 2330
1554 1 2329 2331
1555 1 2332 2333
1556 1 2332 2334
1557 1 2335 2336
1558 1 2335 2337
1559 1 2338 2339
1560 1 2338 2340
1561 1 2341 2342
1562 1 2341 2343
1563 1 2344 2345
1564 1 2344 2346
1565 1 2347 2348
1566 1 2347 2349
1567 1 2350 2351
1568 1 2350 2352
1569 1 2353 2354
1570 1 2353 2355
1571 1 2356 2357
1572 1 2356 2358
1573 1 2359 2360
1574 1 2359 2361
1575 1 2362 2363
1576 1 2362 2364
1577 1 2365 2366
1578 1 2365 2367
1579 1 2368 2369
1580 1 2368 2370
1581 1 2371 2372
1582 1 2371 2373
1583 1 2374 2375
1584 1 2374 2376
1585 1 2377 2378
1586 1 2377 2379
1587 1 2380 2381
1588 1 2380 2382
1589 1 2383 2384
1590 1 2383 2385
1591 1 2386 2387
1592 1 2386 2388
1593 1 2389 2390
1594 1 2389 2391
1595 1 2392 2393
1596 1 2392 2394
1597 1 2395 2396
1598 1 2395 2397
1599 1 2398 2399
1600 1 2398 2400
1601 1 2401 2402
1602 1 2401 2403
1603 1 2404 2405
1604 1 2404 2406
1605 1 2407 2408
1606 1 2407 2409
1607 1 2410 2411
1608 1 2410 2412
1609 1 2413 2414
1610 1 2413 2415
1611 1 2416 2417
1612 1 2416 2418
1613 1 2419 2420
1614 1 2419 2421
1615 1 2422 2423
1616 1 2422 2424
1617 1 2425 2426
1618 1 2425 2427
1619 1 2428 2429
1620 1 2428 2430
1621 1 2431 2432
1622 1 2431 2433
1623 1 2434 2435
1624 1 2434 2436
1625 1 2437 2438
1626 1 2437 2439
1627 1 2440 2441
1628 1 2440 2442
1629 1 2443 2444
1630 1 2443 2445
1631 1 2446 2447
1632 1 2446 2448
1633 1 2449 2450
1634 1 2449 2451
1635 1 2452 2453
1636 1 2452 2454
1637 1 2455 2456
1638 1 2455 2457
1639 1 2458 2459
1640 1 2458 2460
1641 1 2461 2462
1642 1 2461 2463
1643 1 2464 2465
1644 1 2464 2466
1645 1 2467 2468
1646 1 2467 2469
1647 1 2470 2471
1648 1 2470 2472
1649 1 2473 2474
1650 1 2473 2475
1651 1 2476 2477
1652 1 2476 2478
1653 1 2479 2480
1654 1 2479 2481
1655 1 2482 2483
1656 1 2482 2484
1657 1 2485 2486
1658 1 2485 2487
1659 1 2488 2489
1660 1 2488 2490
1661 1 2491 2492
1662 1 2491 2493
1663 1 2494 2495
1664 1 2494 2496
1665 1 2497 2498
1666 1 2497 2499
1667 1 2500 2501
1668 1 2500 2502
1669 1 2503 2504
1670 1 2503 2505
1671 1 2506 2507
1672 1 2506 2508
1673 1 2509 2510
1674 1 2509 2511
1675 1 2512 2513
1676 1 2512 2514
1677 1 2515 2516
1678 1 2515 2517
1679 1 2518 2519
1680 1 2518 2520
1681 1 2521 2522
1682 1 2521 2523
1683 1 2524 2525
1684 1 2524 2526
1685 1 2527 2528
1686 1 2527 2529
1687 1 2530 2531
1688 1 2530 2532
1689 1 2533 2534
1690 1 2533 2535
1691 1 2536 2537
1692 1 2536 2538
1693 1 2539 2540
1694 1 2539 2541
1695 1 2542 2543
1696 1 2542 2544
1697 1 2545 2546
1698 1 2545 2547
1699 1 2548 2549
1700 1 2548 2550
1701 1 2551 2552
1702 1 2551 2553
1703 1 2554 2555
1704 1 2554 2556
1705 1 2557 2558
1706 1 2557 2559
1707 1 2560 2561
1708 1 2560 2562
1709 1 2563 2564
1710 1 2563 2565
1711 1 2566 2567
1712 1 2566 2568
1713 1 2569 2570
1714 1 2569 2571
1715 1 2572 2573
1716 1 2572 2574
1717 1 2575 2576
1718 1 2575 2577
1719 1 2578 2579
1720 1 2578 2580
1721 1 2581 2582
1722 1 2581 2583
1723 1 2584 2585
1724 1 2584 2586
1725 1 2587 2588
1726 1 2587 2589
1727 1 2590 2591
1728 1 2590 2592
1729 1 2593 2594
1730 1 2593 2595
1731 1 2596 2597
1732 1 2596 2598
1733 1 2599 2600
1734 1 2599 2601
1735 1 2602 2603
1736 1 2602 2604
1737 1 2605 2606
1738 1 2605 2607
1739 1 2608 2609
1740 1 2608 2610
1741 1 2611 2612
1742 1 2611 2613
1743 1 2614 2615
1744 1 2614 2616
1745 1 2617 2618
1746 1 2617 2619
1747 1 2620 2621
1748 1 2620 2622
1749 1 2623 2624
1750 1 2623 2625
1751 1 2626 2627
1752 1 2626 2628
1753 1 2629 2630
1754 1 2629 2631
1755 1 2632 2633
1756 1 2632 2634
1757 1 2635 2636
1758 1 2635 2637
1759 1 2638 2639
1760 1 2638 2640
1761 1 2641 2642
1762 1 2641 2643
1763 1 2644 2645
1764 1 2644 2646
1765 1 2647 2648
1766 1 2647 2649
1767 1 2650 2651
1768 1 2650 2652
1769 1 2653 2654
1770 1 2653 2655
1771 1 2656 2657
1772 1 2656 2658
1773 1 2659 2660
1774 1 2659 2661
1775 1 2662 2663
1776 1 2662 2664
1777 1 2665 2666
1778 1 2665 2667
1779 1 2668 2669
1780 1 2668 2670
1781 1 2671 2672
1782 1 2671 2673
1783 1 2674 2675
1784 1 2674 2676
1785 1 2677 2678
1786 1 2677 2679
1787 1 2680 2681
1788 1 2680 2682
1789 1 2683 2684
1790 1 2683 2685
1791 1 2686 2687
1792 1 2686 2688
1793 1 2689 2690
1794 1 2689 2691
1795 1 2692 2693
1796 1 2692 2694
1797 1 2695 2696
1798 1 2695 2697
1799 1 2698 2699
1800 1 2698 2700
1801 1 2701 2702
1802 1 2701 2703
1803 1 2704 2705
1804 1 2704 2706
1805 1 2707 2708
1806 1 2707 2709
1807 1 2710 2711
1808 1 2710 2712
1809 1 2713 2714
1810 1 2713 2715
1811 1 2716 2717
1812 1 2716 2718
1813 1 2719 2720
1814 1 2719 2721
1815 1 2722 2723
1816 1 2722 2724
1817 1 2725 2726
1818 1 2725 2727
1819 1 2728 2729
1820 1 2728 2730
1821 1 2731 2732
1822 1 2731 2733
1823 1 2734 2735
1824 1 2734 2736
1825 1 2737 2738
1826 1 2737 2739
1827 1 2740 2741
1828 1 2740 2742
1829 1 2743 2744
1830 1 2743 2745
1831 1 2746 2747
1832 1 2746 2748
1833 1 2749 2750
1834 1 2749 2751
1835 1 2752 2753
1836 1 2752 2754
1837 1 2755 2756
1838 1 2755 2757
1839 1 2758 2759
1840 1 2758 2760
1841 1 2761 2762
1842 1 2761 2763
1843 1 2764 2765
1844 1 2764 2766
1845 1 2767 2768
1846 1 2767 2769
1847 1 2770 2771
1848 1 2770 2772
1849 1 2773 2774
1850 1 2773 2775
1851 1 2776 2777
1852 1 2776 2778
1853 1 2779 2780
1854 1 2779 2781
1855 1 2782 2783
1856 1 2782 2784
1857 1 2785 2786
1858 1 2785 2787
1859 1 2788 2789
1860 1 2788 2790
1861 1 2791 2792
1862 1 2791 2793
1863 1 2794 2795
1864 1 2794 2796
1865 1 2797 2798
1866 1 2797 2799
1867 1 2800 2801
1868 1 2800 2802
1869 1 2803 2804
1870 1 2803 2805
1871 1 2806 2807
1872 1 2806 2808
1873 1 2809 2810
1874 1 2809 2811
1875 1 2812 2813
1876 1 2812 2814
1877 1 2815 2816
1878 1 2815 2817
1879 1 2818 2819
1880 1 2818 2820
1881 1 2821 2822
1882 1 2821 2823
1883 1 2824 2825
1884 1 2824 2826
1885 1 2827 2828
1886 1 2827 2829
1887 1 2830 2831
1888 1 2830 2832
1889 1 2833 2834
1890 1 2833 2835
1891 1 2836 2837
1892 1 2836 2838
1893 1 2839 2840
1894 1 2839 2841
1895 1 2842 2843
1896 1 2842 2844
1897 1 2845 2846
1898 1 2845 2847
1899 1 2848 2849
1900 1 2848 2850
1901 1 2851 2852
1902 1 2851 2853
1903 1 2854 2855
1904 1 2854 2856
1905 1 2857 2858
1906 1 2857 2859
1907 1 2860 2861
1908 1 2860 2862
1909 1 2863 2864
1910 1 2863 2865
1911 1 2866 2867
1912 1 2866 2868
1913 1 2869 2870
1914 1 2869 2871
1915 1 2872 2873
1916 1 2872 2874
1917 1 2875 2876
1918 1 2875 2877
1919 1 2878 2879
1920 1 2878 2880
1921 1 2881 2882
1922 1 2881 2883
1923 1 2884 2885
1924 1 2884 2886
1925 1 2887 2888
1926 1 2887 2889
1927 1 2890 2891
1928 1 2890 2892
1929 1 2893 2894
1930 1 2893 2895
1931 1 2896 2897
1932 1 2896 2898
1933 1 2899 2900
1934 1 2899 2901
1935 1 2902 2903
1936 1 2902 2904
1937 1 2905 2906
1938 1 2905 2907
1939 1 2908 2909
1940 1 2908 2910
1941 1 2911 2912
1942 1 2911 2913
1943 1 2914 2915
1944 1 2914 2916
1945 1 2917 2918
1946 1 2917 2919
1947 1 2920 2921
1948 1 2920 2922
1949 1 2923 2924
1950 1 2923 2925
1951 1 2926 2927
1952 1 2926 2928
1953 1 2929 2930
1954 1 2929 2931
1955 1 2932 2933
1956 1 2932 2934
1957 1 2935 2936
1958 1 2935 2937
1959 1 2938 2939
1960 1 2938 2940
1961 1 2941 2942
1962 1 2941 2943
1963 1 2944 2945
1964 1 2944 2946
1965 1 2947 2948
1966 1 2947 2949
1967 1 2950 2951
1968 1 2950 2952
1969 1 2953 2954
1970 1 2953 2955
1971 1 2956 2957
1972 1 2956 2958
1973 1 2959 2960
1974 1 2959 2961
1975 1 2962 2963
1976 1 2962 2964
1977 1 2965 2966
1978 1 2965 2967
1979 1 2968 2969
1980 1 2968 2970
1981 1 2971 2972
1982 1 2971 2973
1983 1 2974 2975
1984 1 2974 2976
1985 1 2977 2978
1986 1 2977 2979
1987 1 2980 2981
1988 1 2980 2982
1989 1 2983 2984
1990 1 2983 2985
1991 1 2986 2987
1992 1 2986 2988
1993 1 2989 2990
1994 1 2989 2991
1995 1 2992 2993
1996 1 2992 2994
1997 1 2995 2996
1998 1 2995 2997
1999 1 2998 2999
2000 1 2998 3000
2001 1 3001 3002
2002 1 3001 3003
2003 1 3004 3005
2004 1 3004 3006
2005 1 3007 3008
2006 1 3007 3009
2007 1 3010 3011
2008 1 3010 3012
2009 1 3013 3014
2010 1 3013 3015
2011 1 3016 3017
2012 1 3016 3018
2013 1 3019 3020
2014 1 3019 3021
2015 1 3022 3023
2016 1 3022 3024
2017 1 3025 3026
2018 1 3025 3027
2019 1 3028 3029
2020 1 3028 3030
2021 1 3031 3032
2022 1 3031 3033
2023 1 3034 3035
2024 1 3034 3036
2025 1 3037 3038
2026 1 3037 3039
2027 1 3040 3041
2028 1 3040 3042
2029 1 3043 3044
2030 1 3043 3045
2031 1 3046 3047
2032 1 3046 3048
2033 1 3049 3050
2034 1 3049 3051
2035 1 3052 3053
2036 1 3052 3054
2037 1 3055 3056
2038 1 3055 3057
2039 1 3058 3059
2040 1 3058 3060
2041 1 3061 3062
2042 1 3061 3063
2043 1 3064 3065
2044 1 3064 3066
2045 1 3067 3068
2046 1 3067 3069
2047 1 3070 3071
2048 1 3070 3072
2049 1 3073 3074
2050 1 3073 3075
2051 1 3076 3077
2052 1 3076 3078
2053 1 3079 3080
2054 1 3079 3081
2055 1 3082 3083
2056 1 3082 3084
2057 1 3085 3086
2058 1 3085 3087
2059 1 3088 3089
2060 1 3088 3090
2061 1 3091 3092
2062 1 3091 3093
2063 1 3094 3095
2064 1 3094 3096
2065 1 3097 3098
2066 1 3097 3099
2067 1 3100 3101
2068 1 3100 3102
2069 1 3103 3104
2070 1 3103 3105
2071 1 3106 3107
2072 1 3106 3108
2073 1 3109 3110
2074 1 3109 3111
2075 1 3112 3113
2076 1 3112 3114
2077 1 3115 3116
2078 1 3115 3117
2079 1 3118 3119
2080 1 3118 3120
2081 1 3121 3122
2082 1 3121 3123
2083 1 3124 3125
2084 1 3124 3126
2085 1 3127 3128
2086 1 3127 3129
2087 1 3130 3131
2088 1 3130 3132
2089 1 3133 3134
2090 1 3133 3135
2091 1 3136 3137
2092 1 3136 3138
2093 1 3139 3140
2094 1 3139 3141
2095 1 3142 3143
2096 1 3142 3144
2097 1 3145 3146
2098 1 3145 3147
2099 1 3148 3149
2100 1 3148 3150
2101 1 3151 3152
2102 1 3151 3153
2103 1 3154 3155
2104 1 3154 3156
2105 1 3157 3158
2106 1 3157 3159
2107 1 3160 3161
2108 1 3160 3162
2109 1 3163 3164
2110 1 3163 3165
2111 1 3166 3167
2112 1 3166 3168
2113 1 3169 3170
2114 1 3169 3171
2115 1 3172 3173
2116 1 3172 3174
2117 1 3175 3176
2118 1 3175 3177
2119 1 3178 3179
2120 1 3178 3180
2121 1 3181 3182
2122 1 3181 3183
2123 1 3184 3185
2124 1 3184 3186
2125 1 3187 3188
2126 1 3187 3189
2127 1 3190 3191
2128 1 3190 3192
2129 1 3193 3194
2130 1 3193 3195
2131 1 3196 3197
2132 1 3196 3198
2133 1 3199 3200
2134 1 3199 3201
2135 1 3202 3203
2136 1 3202 3204
2137 1 3205 3206
2138 1 3205 3207
2139 1 3208 3209
2140 1 3208 3210
2141 1 3211 3212
2142 1 3211 3213
2143 1 3214 3215
2144 1 3214 3216
2145 1 3217 3218
2146 1 3217 3219
2147 1 3220 3221
2148 1 3220 3222
2149 1 3223 3224
2150 1 3223 3225
2151 1 3226 3227
2152 1 3226 3228
2153 1 3229 3230
2154 1 3229 3231
2155 1 3232 3233
2156 1 3232 3234
2157 1 3235 3236
2158 1 3235 3237
2159 1 3238 3239
2160 1 3238 3240
2161 1 3241 3242
2162 1 3241 3243
2163 1 3244 3245
2164 1 3244 3246
2165 1 3247 3248
2166 1 3247 3249
2167 1 3250 3251
2168 1 3250 3252
2169 1 3253 3254
2170 1 3253 3255
2171 1 3256 3257
2172 1 3256 3258
2173 1 3259 3260
2174 1 3259 3261
2175 1 3262 3263
2176 1 3262 3264
2177 1 3265 3266
2178 1 3265 3267
2179 1 3268 3269
2180 1 3268 3270
2181 1 3271 3272
2182 1 3271 3273
2183 1 3274 3275
2184 1 3274 3276
2185 1 3277 3278
2186 1 3277 3279
2187 1 3280 3281
2188 1 3280 3282
2189 1 3283 3284
2190 1 3283 3285
2191 1 3286 3287
2192 1 3286 3288
2193 1 3289 3290
2194 1 3289 3291
2195 1 3292 3293
2196 1 3292 3294
2197 1 3295 3296
2198 1 3295 3297
2199 1 3298 3299
2200 1 3298 3300
2201 1 3301 3302
2202 1 3301 3303
2203 1 3304 3305
2204 1 3304 3306
2205 1 3307 3308
2206 1 3307 3309
2207 1 3310 3311
2208 1 3310 3312
2209 1 3313 3314
2210 1 3313 3315
2211 1 3316 3317
2212 1 3316 3318
2213 1 3319 3320
2214 1 3319 3321
2215 1 3322 3323
2216 1 3322 3324
2217 1 3325 3326
2218 1 3325 3327
2219 1 3328 3329
2220 1 3328 3330
2221 1 3331 3332
2222 1 3331 3333
2223 1 3334 3335
2224 1 3334 3336
2225 1 3337 3338
2226 1 3337 3339
2227 1 3340 3341
2228 1 3340 3342
2229 1 3343 3344
2230 1 3343 3345
2231 1 3346 3347
2232 1 3346 3348
2233 1 3349 3350
2234 1 3349 3351
2235 1 3352 3353
2236 1 3352 3354
2237 1 3355 3356
2238 1 3355 3357
2239 1 3358 3359
2240 1 3358 3360
2241 1 3361 3362
2242 1 3361 3363
2243 1 3364 3365
2244 1 3364 3366
2245 1 3367 3368
2246 1 3367 3369
2247 1 3370 3371
2248 1 3370 3372
2249 1 3373 3374
2250 1 3373 3375
2251 1 3376 3377
2252 1 3376 3378
2253 1 3379 3380
2254 1 3379 3381
2255 1 3382 3383
2256 1 3382 3384
2257 1 3385 3386
2258 1 3385 3387
2259 1 3388 3389
2260 1 3388 3390
2261 1 3391 3392
2262 1 3391 3393
2263 1 3394 3395
2264 1 3394 3396
2265 1 3397 3398
2266 1 3397 3399
2267 1 3400 3401
2268 1 3400 3402
2269 1 3403 3404
2270 1 3403 3405
2271 1 3406 3407
2272 1 3406 3408
2273 1 3409 3410
2274 1 3409 3411
2275 1 3412 3413
2276 1 3412 3414
2277 1 3415 3416
2278 1 3415 3417
2279 1 3418 3419
2280 1 3418 3420
2281 1 3421 3422
2282 1 3421 3423
2283 1 3424 3425
2284 1 3424 3426
2285 1 3427 3428
2286 1 3427 3429
2287 1 3430 3431
2288 1 3430 3432
2289 1 3433 3434
2290 1 3433 3435
2291 1 3436 3437
2292 1 3436 3438
2293 1 3439 3440
2294 1 3439 3441
2295 1 3442 3443
2296 1 3442 3444
2297 1 3445 3446
2298 1 3445 3447
2299 1 3448 3449
2300 1 3448 3450
2301 1 3451 3452
2302 1 3451 3453
2303 1 3454 3455
2304 1 3454 3456
2305 1 3457 3458
2306 1 3457 3459
2307 1 3460 3461
2308 1 3460 3462
2309 1 3463 3464
2310 1 3463 3465
2311 1 3466 3467
2312 1 3466 3468
2313 1 3469 3470
2314 1 3469 3471
2315 1 3472 3473
2316 1 3472 3474
2317 1 3475 3476
2318 1 3475 3477
2319 1 3478 3479
2320 1 3478 3480
2321 1 3481 3482
2322 1 3481 3483
2323 1 3484 3485
2324 1 3484 3486
2325 1 3487 3488
2326 1 3487 3489
2327 1 3490 3491
2328 1 3490 3492
2329 1 3493 3494
2330 1 3493 3495
2331 1 3496 3497
2332 1 3496 3498
2333 1 3499 3500
2334 1 3499 3501
2335 1 3502 3503
2336 1 3502 3504
2337 1 3505 3506
2338 1 3505 3507
2339 1 3508 3509
2340 1 3508 3510
2341 1 3511 3512
2342 1 3511 3513
2343 1 3514 3515
2344 1 3514 3516
2345 1 3517 3518
2346 1 3517 3519
2347 1 3520 3521
2348 1 3520 3522
2349 1 3523 3524
2350 1 3523 3525
2351 1 3526 3527
2352 1 3526 3528
2353 1 3529 3530
2354 1 3529 3531
2355 1 3532 3533
2356 1 3532 3534
2357 1 3535 3536
2358 1 3535 3537
2359 1 3538 3539
2360 1 3538 3540
2361 1 3541 3542
2362 1 3541 3543
2363 1 3544 3545
2364 1 3544 3546
2365 1 3547 3548
2366 1 3547 3549
2367 1 3550 3551
2368 1 3550 3552
2369 1 3553 3554
2370 1 3553 3555
2371 1 3556 3557
2372 1 3556 3558
2373 1 3559 3560
2374 1 3559 3561
2375 1 3562 3563
2376 1 3562 3564
2377 1 3565 3566
2378 1 3565 3567
2379 1 3568 3569
2380 1 3568 3570
2381 1 3571 3572
2382 1 3571 3573
2383 1 3574 3575
2384 1 3574 3576
2385 1 3577 3578
2386 1 3577 3579
2387 1 3580 3581
2388 1 3580 3582
2389 1 3583 3584
2390 1 3583 3585
2391 1 3586 3587
2392 1 3586 3588
2393 1 3589 3590
2394 1 3589 3591
2395 1 3592 3593
2396 1 3592 3594
2397 1 3595 3596
2398 1 3595 3597
2399 1 3598 3599
2400 1 3598 3600
2401 1 3601 3602
2402 1 3601 3603
2403 1 3604 3605
2404 1 3604 3606
2405 1 3607 3608
2406 1 3607 3609
2407 1 3610 3611
2408 1 3610 3612
2409 1 3613 3614
2410 1 3613 3615
2411 1 3616 3617
2412 1 3616 3618
2413 1 3619 3620
2414 1 3619 3621
2415 1 3622 3623
2416 1 3622 3624
2417 1 3625 3626
2418 1 3625 3627
2419 1 3628 3629
2420 1 3628 3630
2421 1 3631 3632
2422 1 3631 3633
2423 1 3634 3635
2424 1 3634 3636
2425 1 3637 3638
2426 1 3637 3639
2427 1 3640 3641
2428 1 3640 3642
2429 1 3643 3644
2430 1 3643 3645
2431 1 3646 3647
2432 1 3646 3648
2433 1 3649 3650
2434 1 3649 3651
2435 1 3652 3653
2436 1 3652 3654
2437 1 3655 3656
2438 1 3655 3657
2439 1 3658 3659
2440 1 3658 3660
2441 1 3661 3662
2442 1 3661 3663
2443 1 3664 3665
2444 1 3664 3666
2445 1 3667 3668
2446 1 3667 3669
2447 1 3670 3671
2448 1 3670 3672
2449 1 3673 3674
2450 1 3673 3675
2451 1 3676 3677
2452 1 3676 3678
2453 1 3679 3680
2454 1 3679 3681
2455 1 3682 3683
2456 1 3682 3684
2457 1 3685 3686
2458 1 3685 3687
2459 1 3688 3689
2460 1 3688 3690
2461 1 3691 3692
2462 1 3691 3693
2463 1 3694 3695
2464 1 3694 3696
2465 1 3697 3698
2466 1 3697 3699
2467 1 3700 3701
2468 1 3700 3702
2469 1 3703 3704
2470 1 3703 3705
2471 1 3706 3707
2472 1 3706 3708
2473 1 3709 3710
2474 1 3709 3711
2475 1 3712 3713
2476 1 3712 3714
2477 1 3715 3716
2478 1 3715 3717
2479 1 3718 3719
2480 1 3718 3720
2481 1 3721 3722
2482 1 3721 3723
2483 1 3724 3725
2484 1 3724 3726
2485 1 3727 3728
2486 1 3727 3729
2487 1 3730 3731
2488 1 3730 3732
2489 1 3733 3734
2490 1 3733 3735
2491 1 3736 3737
2492 1 3736 3738
2493 1 3739 3740
2494 1 3739 3741
2495 1 3742 3743
2496 1 3742 3744
2497 1 3745 3746
2498 1 3745 3747
2499 1 3748 3749
2500 1 3748 3750
2501 1 3751 3752
2502 1 3751 3753
2503 1 3754 3755
2504 1 3754 3756
2505 1 3757 3758
2506 1 3757 3759
2507 1 3760 3761
2508 1 3760 3762
2509 1 3763 3764
2510 1 3763 3765
2511 1 3766 3767
2512 1 3766 3768
2513 1 3769 3770
2514 1 3769 3771
2515 1 3772 3773
2516 1 3772 3774
2517 1 3775 3776
2518 1 3775 3777
2519 1 3778 3779
2520 1 3778 3780
2521 1 3781 3782
2522 1 3781 3783
2523 1 3784 3785
2524 1 3784 3786
2525 1 3787 3788
2526 1 3787 3789
2527 1 3790 3791
2528 1 3790 3792
2529 1 3793 3794
2530 1 3793 3795
2531 1 3796 3797
2532 1 3796 3798
2533 1 3799 3800
2534 1 3799 3801
2535 1 3802 3803
2536 1 3802 3804
2537 1 3805 3806
2538 1 3805 3807
2539 1 3808 3809
2540 1 3808 3810
2541 1 3811 3812
2542 1 3811 3813
2543 1 3814 3815
2544 1 3814 3816
2545 1 3817 3818
2546 1 3817 3819
2547 1 3820 3821
2548 1 3820 3822
2549 1 3823 3824
2550 1 3823 3825
2551 1 3826 3827
2552 1 3826 3828
2553 1 3829 3830
2554 1 3829 3831
2555 1 3832 3833
2556 1 3832 3834
2557 1 3835 3836
2558 1 3835 3837
2559 1 3838 3839
2560 1 3838 3840
2561 1 3841 3842
2562 1 3841 3843
2563 1 3844 3845
2564 1 3844 3846
2565 1 3847 3848
2566 1 3847 3849
2567 1 3850 3851
2568 1 3850 3852
2569 1 3853 3854
2570 1 3853 3855
2571 1 3856 3857
2572 1 3856 3858
2573 1 3859 3860
2574 1 3859 3861
2575 1 3862 3863
2576 1 3862 3864
2577 1 3865 3866
2578 1 3865 3867
2579 1 3868 3869
2580 1 3868 3870
2581 1 3871 3872
2582 1 3871 3873
2583 1 3874 3875
2584 1 3874 3876
2585 1 3877 3878
2586 1 3877 3879
2587 1 3880 3881
2588 1 3880 3882
2589 1 3883 3884
2590 1 3883 3885
2591 1 3886 3887
2592 1 3886 3888
2593 1 3889 3890
2594 1 3889 3891
2595 1 3892 3893
2596 1 3892 3894
2597 1 3895 3896
2598 1 3895 3897
2599 1 3898 3899
2600 1 3898 3900
2601 1 3901 3902
2602 1 3901 3903
2603 1 3904 3905
2604 1 3904 3906
2605 1 3907 3908
2606 1 3907 3909
2607 1 3910 3911
2608 1 3910 3912
2609 1 3913 3914
2610 1 3913 3915
2611 1 3916 3917
2612 1 3916 3918
2613 1 3919 3920
2614 1 3919 3921
2615 1 3922 3923
2616 1 3922 3924
2617 1 3925 3926
2618 1 3925 3927
2619 1 3928 3929
2620 1 3928 3930
2621 1 3931 3932
2622 1 3931 3933
2623 1 3934 3935
2624 1 3934 3936
2625 1 3937 3938
2626 1 3937 3939
2627 1 3940 3941
2628 1 3940 3942
2629 1 3943 3944
2630 1 3943 3945
2631 1 3946 3947
2632 1 3946 3948
2633 1 3949 3950
2634 1 3949 3951
2635 1 3952 3953
2636 1 3952 3954
2637 1 3955 3956
2638 1 3955 3957
2639 1 3958 3959
2640 1 3958 3960
2641 1 3961 3962
2642 1 3961 3963
2643 1 3964 3965
2644 1 3964 3966
2645 1 3967 3968
2646 1 3967 3969
2647 1 3970 3971
2648 1 3970 3972
2649 1 3973 3974
2650 1 3973 3975
2651 1 3976 3977
2652 1 3976 3978
2653 1 3979 3980
2654 1 3979 3981
2655 1 3982 3983
2656 1 3982 3984
2657 1 3985 3986
2658 1 3985 3987
2659 1 3988 3989
2660 1 3988 3990
2661 1 3991 3992
2662 1 3991 3993
2663 1 3994 3995
2664 1 3994 3996
2665 1 3997 3998
2666 1 3997 3999
2667 1 4000 4001
2668 1 4000 4002
2669 1 4003 4004
2670 1 4003 4005
2671 1 4006 4007
2672 1 4006 4008
2673 1 4009 4010
2674 1 4009 4011
2675 1 4012 4013
2676 1 4012 4014
2677 1 4015 4016
2678 1 4015 4017
2679 1 4018 4019
2680 1 4018 4020
2681 1 4021 4022
2682 1 4021 4023
2683 1 4024 4025
2684 1 4024 4026
2685 1 4027 4028
2686 1 4027 4029
2687 1 4030 4031
2688 1 4030 4032
2689 1 4033 4034
2690 1 4033 4035
2691 1 4036 4037
2692 1 4036 4038
2693 1 4039 4040
2694 1 4039 4041
2695 1 4042 4043
2696 1 4042 4044
2697 1 4045 4046
2698 1 4045 4047
2699 1 4048 4049
2700 1 4048 4050
2701 1 4051 4052
2702 1 4051 4053
2703 1 4054 4055
2704 1 4054 4056
2705 1 4057 4058
2706 1 4057 4059
2707 1 4060 4061
2708 1 4060 4062
2709 1 4063 4064
2710 1 4063 4065
2711 1 4066 4067
2712 1 4066 4068
2713 1 4069 4070
2714 1 4069 4071
2715 1 4072 4073
2716 1 4072 4074
2717 1 4075 4076
2718 1 4075 4077
2719 1 4078 4079
2720 1 4078 4080
2721 1 4081 4082
2722 1 4081 4083
2723 1 4084 4085
2724 1 4084 4086
2725 1 4087 4088
2726 1 4087 4089
2727 1 4090 4091
2728 1 4090 4092
2729 1 4093 4094
2730 1 4093 4095
2731 1 4096 4097
2732 1 4096 4098
2733 1 4099 4100
2734 1 4099 4101
2735 1 4102 4103
2736 1 4102 4104
2737 1 4105 4106
2738 1 4105 4107
2739 1 4108 4109
2740 1 4108 4110
2741 1 4111 4112
2742 1 4111 4113
2743 1 4114 4115
2744 1 4114 4116
2745 1 4117 4118
2746 1 4117 4119
2747 1 4120 4121
2748 1 4120 4122
2749 1 4123 4124
2750 1 4123 4125
2751 1 4126 4127
2752 1 4126 4128
2753 1 4129 4130
2754 1 4129 4131
2755 1 4132 4133
2756 1 4132 4134
2757 1 4135 4136
2758 1 4135 4137
2759 1 4138 4139
2760 1 4138 4140
2761 1 4141 4142
2762 1 4141 4143
2763 1 4144 4145
2764 1 4144 4146
2765 1 4147 4148
2766 1 4147 4149
2767 1 4150 4151
2768 1 4150 4152
2769 1 4153 4154
2770 1 4153 4155
2771 1 4156 4157
2772 1 4156 4158
2773 1 4159 4160
2774 1 4159 4161
2775 1 4162 4163
2776 1 4162 4164
2777 1 4165 4166
2778 1 4165 4167
2779 1 4168 4169
2780 1 4168 4170
2781 1 4171 4172
2782 1 4171 4173
2783 1 4174 4175
2784 1 4174 4176
2785 1 4177 4178
2786 1 4177 4179
2787 1 4180 4181
2788 1 4180 4182
2789 1 4183 4184
2790 1 4183 4185
2791 1 4186 4187
2792 1 4186 4188
2793 1 4189 4190
2794 1 4189 4191
2795 1 4192 4193
2796 1 4192 4194
2797 1 4195 4196
2798 1 4195 4197
2799 1 4198 4199
2800 1 4198 4200
2801 1 4201 4202
2802 1 4201 4203
2803 1 4204 4205
2804 1 4204 4206
2805 1 4207 4208
2806 1 4207 4209
2807 1 4210 4211
2808 1 4210 4212
2809 1 4213 4214
2810 1 4213 4215
2811 1 4216 4217
2812 1 4216 4218
2813 1 4219 4220
2814 1 4219 4221
2815 1 4222 4223
2816 1 4222 4224
2817 1 4225 4226
2818 1 4225 4227
2819 1 4228 4229
2820 1 4228 4230
2821 1 4231 4232
2822 1 4231 4233
2823 1 4234 4235
2824 1 4234 4236
2825 1 4237 4238
2826 1 4237 4239
2827 1 4240 4241
2828 1 4240 4242
2829 1 4243 4244
2830 1 4243 4245
2831 1 4246 4247
2832 1 4246 4248
2833 1 4249 4250
2834 1 4249 4251
2835 1 4252 4253
2836 1 4252 4254
2837 1 4255 4256
2838 1 4255 4257
2839 1 4258 4259
2840 1 4258 4260
2841 1 4261 4262
2842 1 4261 4263
2843 1 4264 4265
2844 1 4264 4266
2845 1 4267 4268
2846 1 4267 4269
2847 1 4270 4271
2848 1 4270 4272
2849 1 4273 4274
2850 1 4273 4275
2851 1 4276 4277
2852 1 4276 4278
2853 1 4279 4280
2854 1 4279 4281
2855 1 4282 4283
2856 1 4282 4284
2857 1 4285 4286
2858 1 4285 4287
2859 1 4288 4289
2860 1 4288 4290
2861 1 4291 4292
2862 1 4291 4293
2863 1 4294 4295
2864 1 4294 4296
2865 1 4297 4298
2866 1 4297 4299
2867 1 4300 4301
2868 1 4300 4302
2869 1 4303 4304
2870 1 4303 4305
2871 1 4306 4307
2872 1 4306 4308
2873 1 4309 4310
2874 1 4309 4311
2875 1 4312 4313
2876 1 4312 4314
2877 1 4315 4316
2878 1 4315 4317
2879 1 4318 4319
2880 1 4318 4320
2881 1 4321 4322
2882 1 4321 4323
2883 1 4324 4325
2884 1 4324 4326
2885 1 4327 4328
2886 1 4327 4329
2887 1 4330 4331
2888 1 4330 4332
2889 1 4333 4334
2890 1 4333 4335
2891 1 4336 4337
2892 1 4336 4338
2893 1 4339 4340
2894 1 4339 4341
2895 1 4342 4343
2896 1 4342 4344
2897 1 4345 4346
2898 1 4345 4347
2899 1 4348 4349
2900 1 4348 4350
2901 1 4351 4352
2902 1 4351 4353
2903 1 4354 4355
2904 1 4354 4356
2905 1 4357 4358
2906 1 4357 4359
2907 1 4360 4361
2908 1 4360 4362
2909 1 4363 4364
2910 1 4363 4365
2911 1 4366 4367
2912 1 4366 4368
2913 1 4369 4370
2914 1 4369 4371
2915 1 4372 4373
2916 1 4372 4374
2917 1 4375 4376
2918 1 4375 4377
2919 1 4378 4379
2920 1 4378 4380
2921 1 4381 4382
2922 1 4381 4383
2923 1 4384 4385
2924 1 4384 4386
2925 1 4387 4388
2926 1 4387 4389
2927 1 4390 4391
2928 1 4390 4392
2929 1 4393 4394
2930 1 4393 4395
2931 1 4396 4397
2932 1 4396 4398
2933 1 4399 4400
2934 1 4399 4401
2935 1 4402 4403
2936 1 4402 4404
2937 1 4405 4406
2938 1 4405 4407
2939 1 4408 4409
2940 1 4408 4410
2941 1 4411 4412
2942 1 4411 4413
2943 1 4414 4415
2944 1 4414 4416
2945 1 4417 4418
2946 1 4417 4419
2947 1 4420 4421
2948 1 4420 4422
2949 1 4423 4424
2950 1 4423 4425
2951 1 4426 4427
2952 1 4426 4428
2953 1 4429 4430
2954 1 4429 4431
2955 1 4432 4433
2956 1 4432 4434
2957 1 4435 4436
2958 1 4435 4437
2959 1 4438 4439
2960 1 4438 4440
2961 1 4441 4442
2962 1 4441 4443
2963 1 4444 4445
2964 1 4444 4446
2965 1 4447 4448
2966 1 4447 4449
2967 1 4450 4451
2968 1 4450 4452
2969 1 4453 4454
2970 1 4453 4455
2971 1 4456 4457
2972 1 4456 4458
2973 1 4459 4460
2974 1 4459 4461
2975 1 4462 4463
2976 1 4462 4464
2977 1 4465 4466
2978 1 4465 4467
2979 1 4468 4469
2980 1 4468 4470
2981 1 4471 4472
2982 1 4471 4473
2983 1 4474 4475
2984 1 4474 4476
2985 1 4477 4478
2986 1 4477 4479
2987 1 4480 4481
2988 1 4480 4482
2989 1 4483 4484
2990 1 4483 4485
2991 1 4486 4487
2992 1 4486 4488
2993 1 4489 4490
2994 1 4489 4491
2995 1 4492 4493
2996 1 4492 4494
2997 1 4495 4496
2998 1 4495 4497
2999 1 4498 4499
3000 1 4498 4500
3001 1 4501 4502
3002 1 4501 4503
3003 1 4504 4505
3004 1 4504 4506
3005 1 4507 4508
3006 1 4507 4509
3007 1 4510 4511
3008 1 4510 4512
3009 1 4513 4514
3010 1 4513 4515
3011 1 4516 4517
3012 1 4516 4518
3013 1 4519 4520
3014 1 4519 4521
3015 1 4522 4523
3016 1 4522 4524
3017 1 4525 4526
3018 1 4525 4527
3019 1 4528 4529
3020 1 4528 4530
3021 1 4531 4532
3022 1 4531 4533
3023 1 4534 4535
3024 1 4534 4536
3025 1 4537 4538
3026 1 4537 4539
3027 1 4540 4541
3028 1 4540 4542
3029 1 4543 4544
3030 1 4543 4545
3031 1 4546 4547
3032 1 4546 4548
3033 1 4549 4550
3034 1 4549 4551
3035 1 4552 4553
3036 1 4552 4554
3037 1 4555 4556
3038 1 4555 4557
3039 1 4558 4559
3040 1 4558 4560
3041 1 4561 4562
3042 1 4561 4563
3043 1 4564 4565
3044 1 4564 4566
3045 1 4567 4568
3046 1 4567 4569
3047 1 4570 4571
3048 1 4570 4572
3049 1 4573 4574
3050 1 4573 4575
3051 1 4576 4577
3052 1 4576 4578
3053 1 4579 4580
3054 1 4579 4581
3055 1 4582 4583
3056 1 4582 4584
3057 1 4585 4586
3058 1 4585 4587
3059 1 4588 4589
3060 1 4588 4590
3061 1 4591 4592
3062 1 4591 4593
3063 1 4594 4595
3064 1 4594 4596
3065 1 4597 4598
3066 1 4597 4599
3067 1 4600 4601
3068 1 4600 4602
3069 1 4603 4604
3070 1 4603 4605
3071 1 4606 4607
3072 1 4606 4608
3073 1 4609 4610
3074 1 4609 4611
3075 1 4612 4613
3076 1 4612 4614
3077 1 4615 4616
3078 1 4615 4617
3079 1 4618 4619
3080 1 4618 4620
3081 1 4621 4622
3082 1 4621 4623
3083 1 4624 4625
3084 1 4624 4626
3085 1 4627 4628
3086 1 4627 4629
3087 1 4630 4631
3088 1 4630 4632
3089 1 4633 4634
3090 1 4633 4635
3091 1 4636 4637
3092 1 4636 4638
3093 1 4639 4640
3094 1 4639 4641
3095 1 4642 4643
3096 1 4642 4644
3097 1 4645 4646
3098 1 4645 4647
3099 1 4648 4649
3100 1 4648 4650
3101 1 4651 4652
3102 1 4651 4653
3103 1 4654 4655
3104 1 4654 4656
3105 1 4657 4658
3106 1 4657 4659
3107 1 4660 4661
3108 1 4660 4662
3109 1 4663 4664
3110 1 4663 4665
3111 1 4666 4667
3112 1 4666 4668
3113 1 4669 4670
3114 1 4669 4671
3115 1 4672 4673
3116 1 4672 4674
3117 1 4675 4676
3118 1 4675 4677
3119 1 4678 4679
3120 1 4678 4680
3121 1 4681 4682
3122 1 4681 4683
3123 1 4684 4685
3124 1 4684 4686
3125 1 4687 4688
3126 1 4687 4689
3127 1 4690 4691
3128 1 4690 4692
3129 1 4693 4694
3130 1 4693 4695
3131 1 4696 4697
3132 1 4696 4698
3133 1 4699 4700
3134 1 4699 4701
3135 1 4702 4703
3136 1 4702 4704
3137 1 4705 4706
3138 1 4705 4707
3139 1 4708 4709
3140 1 4708 4710
3141 1 4711 4712
3142 1 4711 4713
3143 1 4714 4715
3144 1 4714 4716
3145 1 4717 4718
3146 1 4717 4719
3147 1 4720 4721
3148 1 4720 4722
3149 1 4723 4724
3150 1 4723 4725
3151 1 4726 4727
3152 1 4726 4728
3153 1 4729 4730
3154 1 4729 4731
3155 1 4732 4733
3156 1 4732 4734
3157 1 4735 4736
3158 1 4735 4737
3159 1 4738 4739
3160 1 4738 4740
3161 1 4741 4742
3162 1 4741 4743
3163 1 4744 4745
3164 1 4744 4746
3165 1 4747 4748
3166 1 4747 4749
3167 1 4750 4751
3168 1 4750 4752
3169 1 4753 4754
3170 1 4753 4755
3171 1 4756 4757
3172 1 4756 4758
3173 1 4759 4760
3174 1 4759 4761
3175 1 4762 4763
3176 1 4762 4764
3177 1 4765 4766
3178 1 4765 4767
3179 1 4768 4769
3180 1 4768 4770
3181 1 4771 4772
3182 1 4771 4773
3183 1 4774 4775
3184 1 4774 4776
3185 1 4777 4778
3186 1 4777 4779
3187 1 4780 4781
3188 1 4780 4782
3189 1 4783 4784
3190 1 4783 4785
3191 1 4786 4787
3192 1 4786 4788
3193 1 4789 4790
3194 1 4789 4791
3195 1 4792 4793
3196 1 4792 4794
3197 1 4795 4796
3198 1 4795 4797
3199 1 4798 4799
3200 1 4798 4800
3201 1 4801 4802
3202 1 4801 4803
3203 1 4804 4805
3204 1 4804 4806
3205 1 4807 4808
3206 1 4807 4809
3207 1 4810 4811
3208 1 4810 4812
3209 1 4813 4814
3210 1 4813 4815
3211 1 4816 4817
3212 1 4816 4818
3213 1 4819 4820
3214 1 4819 4821
3215 1 4822 4823
3216 1 4822 4824
3217 1 4825 4826
3218 1 4825 4827
3219 1 4828 4829
3220 1 4828 4830
3221 1 4831 4832
3222 1 4831 4833
3223 1 4834 4835
3224 1 4834 4836
3225 1 4837 4838
3226 1 4837 4839
3227 1 4840 4841
3228 1 4840 4842
3229 1 4843 4844
3230 1 4843 4845
3231 1 4846 4847
3232 1 4846 4848
3233 1 4849 4850
3234 1 4849 4851
3235 1 4852 4853
3236 1 4852 4854
3237 1 4855 4856
3238 1 4855 4857
3239 1 4858 4859
3240 1 4858 4860
3241 1 4861 4862
3242 1 4861 4863
3243 1 4864 4865
3244 1 4864 4866
3245 1 4867 4868
3246 1 4867 4869
3247 1 4870 4871
3248 1 4870 4872
3249 1 4873 4874
3250 1 4873 4875
3251 1 4876 4877
3252 1 4876 4878
3253 1 4879 4880
3254 1 4879 4881
3255 1 4882 4883
3256 1 4882 4884
3257 1 4885 4886
3258 1 4885 4887
3259 1 4888 4889
3260 1 4888 4890
3261 1 4891 4892
3262 1 4891 4893
3263 1 4894 4895
3264 1 4894 4896
3265 1 4897 4898
3266 1 4897 4899
3267 1 4900 4901
3268 1 4900 4902
3269 1 4903 4904
3270 1 4903 4905
3271 1 4906 4907
3272 1 4906 4908
3273 1 4909 4910
3274 1 4909 4911
3275 1 4912 4913
3276 1 4912 4914
3277 1 4915 4916
3278 1 4915 4917
3279 1 4918 4919
3280 1 4918 4920
3281 1 4921 4922
3282 1 4921 4923
3283 1 4924 4925
3284 1 4924 4926
3285 1 4927 4928
3286 1 4927 4929
3287 1 4930 4931
3288 1 4930 4932
3289 1 4933 4934
3290 1 4933 4935
3291 1 4936 4937
3292 1 4936 4938
3293 1 4939 4940
3294 1 4939 4941
3295 1 4942 4943
3296 1 4942 4944
3297 1 4945 4946
3298 1 4945 4947
3299 1 4948 4949
3300 1 4948 4950
3301 1 4951 4952
3302 1 4951 4953
3303 1 4954 4955
3304 1 4954 4956
3305 1 4957 4958
3306 1 4957 4959
3307 1 4960 4961
3308 1 4960 4962
3309 1 4963 4964
3310 1 4963 4965
3311 1 4966 4967
3312 1 4966 4968
3313 1 4969 4970
3314 1 4969 4971
3315 1 4972 4973
3316 1 4972 4974
3317 1 4975 4976
3318 1 4975 4977
3319 1 4978 4979
3320 1 4978 4980
3321 1 4981 4982
3322 1 4981 4983
3323 1 4984 4985
3324 1 4984 4986
3325 1 4987 4988
3326 1 4987 4989
3327 1 4990 4991
3328 1 4990 4992
3329 1 4993 4994
3330 1 4993 4995
3331 1 4996 4997
3332 1 4996 4998
3333 1 4999 5000
3334 1 4999 5001
3335 1 5002 5003
3336 1 5002 5004
3337 1 5005 5006
3338 1 5005 5007
3339 1 5008 5009
3340 1 5008 5010
3341 1 5011 5012
3342 1 5011 5013
3343 1 5014 5015
3344 1 5014 5016
3345 1 5017 5018
3346 1 5017 5019
3347 1 5020 5021
3348 1 5020 5022
3349 1 5023 5024
3350 1 5023 5025
3351 1 5026 5027
3352 1 5026 5028
3353 1 5029 5030
3354 1 5029 5031
3355 1 5032 5033
3356 1 5032 5034
3357 1 5035 5036
3358 1 5035 5037
3359 1 5038 5039
3360 1 5038 5040
3361 1 5041 5042
3362 1 5041 5043
3363 1 5044 5045
3364 1 5044 5046
3365 1 5047 5048
3366 1 5047 5049
3367 1 5050 5051
3368 1 5050 5052
3369 1 5053 5054
3370 1 5053 5055
3371 1 5056 5057
3372 1 5056 5058
3373 1 5059 5060
3374 1 5059 5061
3375 1 5062 5063
3376 1 5062 5064
3377 1 5065 5066
3378 1 5065 5067
3379 1 5068 5069
3380 1 5068 5070
3381 1 5071 5072
3382 1 5071 5073
3383 1 5074 5075
3384 1 5074 5076
3385 1 5077 5078
3386 1 5077 5079
3387 1 5080 5081
3388 1 5080 5082
3389 1 5083 5084
3390 1 5083 5085
3391 1 5086 5087
3392 1 5086 5088
3393 1 5089 5090
3394 1 5089 5091
3395 1 5092 5093
3396 1 5092 5094
3397 1 5095 5096
3398 1 5095 5097
3399 1 5098 5099
3400 1 5098 5100
3401 1 5101 5102
3402 1 5101 5103
3403 1 5104 5105
3404 1 5104 5106
3405 1 5107 5108
3406 1 5107 5109
3407 1 5110 5111
3408 1 5110 5112
3409 1 5113 5114
3410 1 5113 5115
3411 1 5116 5117
3412 1 5116 5118
3413 1 5119 5120
3414 1 5119 5121
3415 1 5122 5123
3416 1 5122 5124
3417 1 5125 5126
3418 1 5125 5127
3419 1 5128 5129
3420 1 5128 5130
3421 1 5131 5132
3422 1 5131 5133
3423 1 5134 5135
3424 1 5134 5136
3425 1 5137 5138
3426 1 5137 5139
3427 1 5140 5141
3428 1 5140 5142
3429 1 5143 5144
3430 1 5143 5145
3431 1 5146 5147
3432 1 5146 5148
3433 1 5149 5150
3434 1 5149 5151
3435 1 5152 5153
3436 1 5152 5154
3437 1 5155 5156
3438 1 5155 5157
